M = [1 2 4; 3 6 8]
N = [-4:2:4; -1:3]
