u = [1 3 5 7];
v = [1;3;5;7];
