M = [1 2 4; 3 6 8]

a = M(1,2)

M(2,3)

M(3,3)
