u = [1:7];
u1 = [1:1:7];
u2 = [1:2:7];
